ModelName | Positions | Scale | Rotation | CullBound | GridNum | PointL1 | PointL2 | PointL3 	//numberOfBodies on first line
131#
securityDoor,2.01921,3,4.57893,0.0124991,0.0124991,0.0124991,0,0,0,5,0,0,1,-1,
controlPanel,0.0708809,0,-29.7256,0.00999974,0.00999974,0.00999974,0,90,0,3,2,3,-1,-1,
controlPanel,2.63222,0,-29.7197,0.00999974,0.00999974,0.00999974,0,90,0,3,2,3,-1,-1,
desk,1,0.3,-13,1.4,1.4,1.4,0,0,0,2,0,0,1,2,
ceilingLight,0,4,-2,0.00749901,0.00749901,0.00749901,0,0,0,0.5,0,0,-1,-1,
ceilingLight,0,4,-13,0.00749901,0.00749901,0.00749901,0,0,0,0.5,0,1,-1,-1,
ceilingLight,0,4,-25,0.00749901,0.00749901,0.00749901,0,0,0,0.5,0,2,-1,-1,
ceilingLight,0,4,-32,0.00749901,0.00749901,0.00749901,0,0,0,0.5,2,3,-1,-1,
ceilingLight,0,4,-48,0.00749901,0.00749901,0.00749901,0,0,0,0.5,2,4,-1,-1,
electronicDevice,-3.9934,1.4,1.22906,2.5,2.5,2.5,-90,-270,0,0.5,0,0,1,-1,
electronicDevice,-3.93291,1.4,-1.73077,2.5,2.5,2.5,-90,-270,0,0.5,0,0,1,-1,
electronicDevice,3.98471,1.4,-1.72852,2.5,2.5,2.5,-90,-270,-180,0.5,0,0,1,-1,
electronicDevice,3.95976,1.4,1.25277,2.5,2.5,2.5,-90,-270,-180,0.5,0,0,1,-1,
speaker,-4.04326,3.78003,-32.0467,0.00999986,0.00999986,0.00999986,0,90,0,3,2,3,-1,-1,
desk,-0.91254,0.3,3.52342,1.4,1.4,1.4,0,0,0,2,0,0,1,-1,
computer,-0.793447,0.8,3.45842,0.5,0.5,0.5,0,180,0,1,0,0,1,-1,
wallTech,0.267269,0.970003,-53.0176,0.0149998,0.0149998,0.0149998,0,180,0,3,2,4,-1,-1,
wallTech,0.267269,0.970003,-27.9449,0.0149998,0.0149998,0.0149998,0,180,0,3,0,2,-1,-1,
server,-7.44509,0,-17.3414,0.53,0.53,0.53,0,0,0,3,0,0,1,2,
server,-7.45354,0,-18.7935,0.53,0.53,0.53,0,0,0,3,0,0,1,2,
server,7.49402,0,-43.7604,0.53,0.53,0.53,0,180,0,3,2,3,4,-1,
server,7.51848,0,-42.2199,0.53,0.53,0.53,0,180,0,3,2,3,4,-1,
desk,-2.5853,0.3,-29.4679,1.4,1.4,1.4,0,0,0,2,2,3,-1,-1,
computer,-2.5853,0.8,-29.4,0.5,0.5,0.5,0,180,0,1,2,3,-1,-1,
closedLocker,-8.02158,0,-43,0.01,0.01,0.01,0,0,0,2,2,3,4,-1,
closedLocker,-7.84152,0,-6.66663,0.00999902,0.00999902,0.00999902,0,0,0,2,0,0,1,-1,
closedLocker,-7.84152,0,-9.46075,0.00999902,0.00999902,0.00999902,0,0,0,2,0,0,1,-1,
closedLocker,7.84152,0,-9.47081,0.00999902,0.00999902,0.00999902,0,180,0,2,0,0,1,-1,
closedLocker,7.84152,0,-6.20687,0.00999902,0.00999902,0.00999902,0,180,0,2,0,0,1,-1,
surround,-2,2,4,2,1,2,-90,0,0,6.75,0,0,1,2,
surround,0,0,0,4,1,4,0,0,0,13.5,0,0,1,2,
surround,0,0,-8,4,1,4,0,0,0,13.5,0,0,1,2,
surround,0,4,0,4,1,4,0,0,180,13.5,0,0,1,2,
surround,0,4,-8,4,1,4,0,0,180,13.5,0,0,1,2,
surround,0,0,-16,4,1,4,0,0,0,13.5,0,0,1,2,
surround,0,0,-24,4,1,4,0,0,0,13.5,0,0,1,2,
surround,0,4,-16,4,1,4,0,0,180,13.5,0,0,1,2,
surround,0,4,-24,4,1,4,0,0,180,13.5,0,0,1,2,
surround,0,2,-28,4,1,4,90,0,0,13.5,0,0,1,2,
surround,-4,2,-24,4,1,4,90,90,0,13.5,0,0,1,2,
surround,4,2,-22.5,2.5,1,2.5,-90,90,0,8.4375,0,0,1,2,
surround,-8,2,-18,2,1,2,90,90,0,6.75,0,0,1,2,
surround,-6,0,-18,2,1,2,0,0,0,6.75,0,0,1,2,
surround,-6,4,-18,2,1,2,0,0,180,6.75,0,0,1,2,
surround,-6,2,-20,2,1,2,90,0,0,6.75,0,0,1,2,
surround,-6,2,-16,2,1,2,-90,0,0,6.75,0,0,1,2,
surround,-4,2,-14,2,1,2,90,90,0,6.75,0,0,1,2,
surround,-6,2,-12,2,1,2,90,0,0,6.75,0,0,1,2,
surround,-6,2,-4,2,1,2,-90,0,0,6.75,0,0,1,2,
surround,-8,2,-10,2,1,2,90,90,0,6.75,0,0,1,2,
surround,-8,2,-6,2,1,2,90,90,0,6.75,0,0,1,2,
surround,-6,0,-8,4,1,4,0,0,0,13.5,0,0,1,2,
surround,-6,4,-8,4,1,4,0,0,180,13.5,0,0,1,2,
surround,-4,2,-2,2,1,2,90,90,0,6.75,0,0,1,2,
surround,-4,2,2,2,1,2,90,90,0,6.75,0,0,1,2,
surround,8,2,-18,2,1,2,-90,90,0,6.75,0,0,1,2,
surround,6,0,-18,2,1,2,0,0,0,6.75,0,0,1,2,
surround,6,4,-18,2,1,2,0,0,180,6.75,0,0,1,2,
surround,6,2,-20,2,1,2,90,0,0,6.75,0,0,1,2,
surround,6,2,-16,2,1,2,-90,0,0,6.75,0,0,1,2,
surround,4,2,-14,2,1,2,-90,90,0,6.75,0,0,1,2,
surround,6,2,-12,2,1,2,90,0,0,6.75,0,0,1,2,
surround,6,2,-4,2,1,2,-90,0,0,6.75,0,0,1,2,
surround,8,2,-10,2,1,2,-90,90,0,6.75,0,0,1,2,
surround,8,2,-6,2,1,2,-90,90,0,6.75,0,0,1,2,
surround,6,0,-8,4,1,4,0,0,0,13.5,0,0,1,2,
surround,6,4,-8,4,1,4,0,0,180,13.5,0,0,1,2,
surround,4,2,-2,2,1,2,-90,90,0,6.75,0,0,1,2,
surround,4,2,2,2,1,2,-90,90,0,6.75,0,0,1,2,
surround,5.5,0,-26.5,1.5,1,1.5,0,0,0,5.0625,1,2,-1,-1,
surround,5.5,4,-26.5,1.5,1,1.5,0,0,180,5.0625,1,2,-1,-1,
surround,8.5,0,-26.5,1.5,1,1.5,0,0,0,5.0625,1,2,-1,-1,
surround,8.5,4,-26.5,1.5,1,1.5,0,0,180,5.0625,1,2,-1,-1,
surround,11.5,0,-26.5,1.5,1,1.5,0,0,0,5.0625,1,2,-1,-1,
surround,11.5,4,-26.5,1.5,1,1.5,0,0,180,5.0625,1,2,-1,-1,
surround,11.5,0,-29.5,1.5,1,1.5,0,0,0,5.0625,1,2,-1,-1,
surround,11.5,4,-29.5,1.5,1,1.5,0,0,180,5.0625,1,2,-1,-1,
surround,11.5,0,-32.5,1.5,1,1.5,0,0,0,5.0625,1,3,-1,-1,
surround,11.5,4,-32.5,1.5,1,1.5,0,0,180,5.0625,1,3,-1,-1,
surround,11.5,0,-35.5,1.5,1,1.5,0,0,0,5.0625,1,3,-1,-1,
surround,11.5,4,-35.5,1.5,1,1.5,0,0,180,5.0625,1,3,-1,-1,
surround,8.5,0,-35.5,1.5,1,1.5,0,0,0,5.0625,1,3,-1,-1,
surround,8.5,4,-35.5,1.5,1,1.5,0,0,180,5.0625,1,3,-1,-1,
surround,5.5,0,-35.5,1.5,1,1.5,0,0,0,5.0625,1,3,-1,-1,
surround,5.5,4,-35.5,1.5,1,1.5,0,0,180,5.0625,1,3,-1,-1,
surround,8.5,2,-37,4.5,1,4.5,90,0,0,15.1875,1,3,-1,-1,
surround,7,2,-34,3,1,3,-90,0,0,10.125,1,3,-1,-1,
surround,13,2,-34,3,1,3,-90,90,0,10.125,1,3,-1,-1,
surround,13,2,-28,3,1,3,-90,90,0,10.125,1,2,1,-1,
surround,10,2,-31,3,1,3,90,90,0,10.125,1,3,-1,-1,
surround,7,2,-28,3,1,3,90,0,0,10.125,1,2,1,-1,
surround,8.5,2,-25,4.5,1,4.5,-90,0,0,15.1875,1,2,1,-1,
surround,0,0,-29,4,1,4,-90,0,0,13.5,2,3,4,-1,
surround,-4,2,-31,2,1,2,90,90,0,6.75,2,3,4,-1,
surround,4,2,-31.5,2.5,1,2.5,-90,90,0,8.4375,2,3,4,-1,
surround,0,0,-33,4,1,4,0,0,0,13.5,2,3,4,-1,
surround,0,4,-33,4,1,4,0,0,180,13.5,2,3,4,-1,
surround,0,0,-41,4,1,4,0,0,0,13.5,2,3,4,-1,
surround,0,4,-41,4,1,4,0,0,180,13.5,2,3,4,-1,
surround,0,0,-49,4,1,4,0,0,0,13.5,2,3,4,-1,
surround,0,4,-49,4,1,4,0,0,180,13.5,2,3,4,-1,
surround,0,2,-53,8,1,8,90,0,0,27,2,3,4,-1,
surround,-8,2,-51,2,1,2,90,90,0,6.75,2,3,4,-1,
surround,-6,0,-51,2,1,2,0,0,0,6.75,2,3,4,-1,
surround,-6,4,-51,2,1,2,0,0,180,6.75,2,3,4,-1,
surround,-6,2,-49,2,1,2,-90,0,0,6.75,2,3,4,-1,
surround,-6,2,-45,2,1,2,90,0,0,6.75,2,3,4,-1,
surround,-8,2,-43,2,1,2,90,90,0,6.75,2,3,4,-1,
surround,-6,0,-43,2,1,2,0,0,0,6.75,2,3,4,-1,
surround,-6,4,-43,2,1,2,0,0,180,6.75,2,3,4,-1,
surround,-6,2,-41,2,1,2,-90,0,0,6.75,2,3,4,-1,
surround,-6,2,-37,2,1,2,90,0,0,6.75,2,3,4,-1,
surround,-6,2,-33,2,1,2,-90,0,0,6.75,2,3,4,-1,
surround,-6,0,-35,2,1,2,0,0,0,6.75,2,3,4,-1,
surround,-6,4,-35,2,1,2,0,0,180,6.75,2,3,4,-1,
surround,-8,2,-35,2,1,2,90,90,0,6.75,2,3,4,-1,
surround,-4,2,-47,2,1,2,90,90,0,6.75,2,3,4,-1,
surround,-4,2,-39,2,1,2,90,90,0,6.75,2,3,4,-1,
surround,8,2,-51,2,1,2,-90,90,0,6.75,2,3,4,-1,
surround,6,0,-51,2,1,2,0,0,0,6.75,2,3,4,-1,
surround,6,4,-51,2,1,2,0,0,180,6.75,2,3,4,-1,
surround,6,2,-49,2,1,2,-90,0,0,6.75,2,3,4,-1,
surround,6,2,-45,2,1,2,90,0,0,6.75,2,3,4,-1,
surround,8,2,-43,2,1,2,-90,90,0,6.75,2,3,4,-1,
surround,6,0,-43,2,1,2,0,0,0,6.75,2,3,4,-1,
surround,6,4,-43,2,1,2,0,0,180,6.75,2,3,4,-1,
surround,6,2,-41,2,1,2,-90,0,0,6.75,2,3,4,-1,
surround,4,2,-47,2,1,2,-90,90,0,6.75,2,3,4,-1,
surround,4,2,-39,2,1,2,-90,90,0,6.75,2,3,4,-1,
surround,-0.250119,0,-1.03088,0.1,0.1,0.1,0,0,0,1,0,0,1,2,
surround,0.377584,0,-6.07834,0.1,0.1,0.1,0,0,0,1,0,0,1,2,
